-0.9308616
-2.939003
-5.577674
9.000435
2.154903
5.826071
-1.754475
2.04687
-14.1521
-7.39439
-1.929615
-0.1234207
-0.01725861
0.1624502
-0.7183502
0.06176111
-0.2191951
4.891814E-09
0.2646403
0.7155427
-1.017591E-07
-6.011536E-05
-0.2409212
-0.05366489
-0.6038296
-0.0870283
-0.306049
0.1192815
-0.04954517
-0.4534566
0.03774291
-0.1653735
0.001222288
-0.3234551
-0.0914976
-0.3721318
-0.08951433
0.30595
-0.9697444
-0.03970721
0.4424235
-0.2021574
-0.7778267
0.4113613
0.2718626
-1.07956
0.02844947
