-1.851007
-1.971029
-4.28995
8.676811
2.342376
5.713119
-1.654404
1.532006
-14.274
-7.052371
-1.892163
-0.1234207
-0.01725861
0.1618067
-0.7183502
0.06540817
-0.2191951
4.891814E-09
0.2646403
0.7155427
-1.017591E-07
-6.011536E-05
-0.2168313
-0.08374053
-0.5489908
-0.0870283
-1.07677
0.1192815
-0.02698478
-0.4534566
0.03774291
-0.1653735
-0.001222288
-0.3234551
-0.0914976
-0.3721318
-0.08951433
0.3273258
-0.9697444
-0.03970721
0.4424235
-0.0284542
-0.7778267
0.4113613
0.2718626
-1.07956
-0.01866133
