-1.485529
-2.81174
-4.9524
9.183287
2.227882
5.764319
-1.754475
1.606633
-13.94278
-6.632149
-1.764488
-0.1234207
-0.01725861
0.1624502
-0.7183502
0.06176111
-0.2191951
4.891814E-09
0.2646403
0.7155427
-1.017591E-07
-6.011536E-05
-0.2168313
-0.05366489
-0.6038296
-0.0870283
-1.07677
0.1192815
-0.04324235
-0.4534566
0.03774291
-0.1653735
-0.002109166
-0.08830631
-0.0914976
-0.3721318
-0.08951433
0.30595
-0.9697444
-0.07752819
0.4424235
-0.2021574
-0.7778267
0.4043263
0.2718626
-1.07956
-0.01866133
