0.4569007
-5.209487
-3.093676
-1.07812
0.7918431
0.9216004
-1.112316
1.835621
-2.810617
-1.869507
1.145622
4.296492
-0.6618326
0.4863058
0.02737598
0.2230359
0.2191444
-0.004760582
-0.245594
0.147635
-0.5896758
-0.0660122
0.3755465
-0.6868613
-0.2850756
-0.394961
1.013551
-0.172478
-0.064347
-0.008066014
-0.8376434
-0.7916611
0.2599653
-0.6094658
0.4162554
0.002555278
0.04436141
0.1811235
0.1279978
-0.05681558
0.07117878
0.300651
-5.030097
-0.3677533
0.08967058
-0.7045338
-0.4429857
0.1130293
-0.1234491
-0.1595388
0.03639528
-0.006604947
0.1200396
-0.2252968
-0.0002168084
0.09646481
0.0003044863
0.09101998
0.05455239
