0.319454
-5.209487
-3.317014
-0.9288721
0.651949
0.4180986
-1.543697
1.697428
-2.248983
-1.869507
1.120758
4.416659
-0.6618326
0.4863058
0.002369531
0.2230359
0.03412559
-0.004760582
-0.245594
0.1584752
-0.3410117
0.3744104
0.3755465
-0.6868613
-0.1903972
-0.006875292
1.013551
-0.1623204
-0.064347
0.008066014
-0.8376434
-0.6430417
0.2599653
-0.6094658
0.4162554
0.06056449
0.04436141
0.1811235
0.1279978
-0.1301308
0.2195006
0.300651
-5.030097
-0.3677533
0.06387009
-0.7045338
0.4429857
0.1130293
-0.1234491
0.1595388
0.03639528
-0.003730191
0.1200396
-0.2867
-0.0002168084
0.2546684
0.0003044863
0.09101998
0.05455239
