0.06313723
-5.362704
-2.893053
-0.8766888
0.4239172
0.2888399
-1.866648
1.829679
-1.938893
-0.6101916
0.3870669
4.593317
-1.110839
0.2762557
0.02737598
-0.2230359
-0.3558038
-0.005058355
-0.245594
0.1584752
0.423807
0.3744104
-0.2230918
-1.905461
-0.07799977
-0.01454507
-0.9516987
0.2438774
-0.01613048
-0.0003059046
-0.8376434
-0.6430417
0.3864812
0.6094658
0.4162554
0.373904
0.1141978
0.1811235
0.1279978
0.1301308
0.05600585
-0.300651
-5.030097
-0.07056016
0.02000164
0.4541401
-0.3746859
-0.01807469
0.1234491
-0.0008295524
0.3352083
-0.005523781
-0.1200396
-0.4077844
-0.0004681369
0.2546684
0.0003044863
-0.09101998
-0.07395543
