-0.5747677
-0.6689438
0.5384359
-0.3130775
1.30734
7.044231
0.03238457
-1.193551
2.160805
-0.9160416
-1.234323
-0.05109376
-3.690478
-0.1900474
0.2404051
-0.02724534
-0.4280142
-1.249559
0.3664676
0.07970086
0.04155162
-0.195596
0.3178449
0.05392332
-0.002727253
-0.1087044
-0.01359457
0.195711
0.179181
-0.3899753
-0.0005403316
0.5956479
0.00213711
0.452323
-0.02121881
0.01219051
-0.1036771
-0.08279463
1.252435
-0.006164888
0.3298044
0.0006399666
1.027519
-0.05342451
0.1336709
-0.1041569
0.3551913
0.1029876
2.592391
-0.1985235
0.3008949
-0.002446989
-0.4981805
0.3358486
0.006180351
0.4238502
-0.3205906
0.0306301
-0.04349226
