0.004920125
-0.7880594
-0.4712476
-0.2984107
0.5988363
5.201205
0.118109
-2.775494
0.9499355
0.1876402
-1.131006
0.5236537
-4.046583
-0.4991114
0.1978944
-0.3571351
0.001459479
-1.087326
-0.3062299
0.3363359
0.007795787
-0.4256649
0.3099456
0.02675302
0.1137694
-0.3567502
-0.3111364
-0.4314048
-0.05926603
-1.40315
0.0002555496
-0.5956479
-0.1619224
0.7027139
-0.02121881
0.01219051
-0.1036771
-0.04190953
-0.06629162
0.01141152
0.01991441
0.0248917
1.645814
-0.3799804
-0.08045679
0.1041569
0.2865468
0.1569124
2.475618
-0.1985235
0.3008949
-0.0005723847
0.4046879
0.2327255
0.0345248
0.436402
0.1017607
0.08515197
-0.3832524
