-0.4494907
-0.3322005
0.03884265
-0.15439
1.622287
6.624894
-0.1079155
-0.5695814
2.257165
-1.715883
-0.4594551
-0.2983047
-3.334762
-0.1005656
0.1978944
-0.01142422
0.8090931
-2.055002
0.2042215
0.1902332
0.04155162
-0.4256649
0.4126116
0.05392332
-0.00554695
-0.2104877
-0.3111364
-0.3692756
0.179181
-0.3899753
0.3524102
0.5956479
0.001705137
0.6539883
-0.02121881
0.01219051
-0.1036771
-0.061154
1.252435
0.2848642
0.3298044
0.0006399666
1.027519
-0.02943168
-0.1336709
0.1041569
0.2865468
0.1029876
2.592391
-0.1985235
0.3008949
-0.002446989
-0.4981805
-0.3358486
0.007556054
0.436402
-0.3205906
0.0306301
-0.01474541
