0.2378414
-5.362704
-3.318159
-0.9565676
0.4239172
0.2888399
-1.133134
1.937487
-3.057815
-1.023369
-0.4376968
5.260549
-1.141682
0.3581488
0.01210535
-0.2230359
-0.3558038
-0.002701081
-0.245594
0.1584752
0.423807
0.3744104
-0.2230918
-1.905461
-0.07799977
-0.01049299
-0.9516987
0.2438774
-0.01613048
-0.008066014
-0.8376434
-0.6430417
0.3864812
0.6094658
0.4162554
0.373904
0.1141978
0.1811235
0.1279978
0.1301308
0.04294163
0.2395626
-5.030097
0.3677533
0.01423404
0.4541401
-0.3746859
-0.01807469
0.1569228
-0.0008295524
0.3352083
-0.005523781
-0.1795785
-0.2380272
-0.0004681369
0.2546684
0.0003044863
-0.09101998
-0.07395543
