0.319454
-5.209487
-3.317014
-1.177794
0.6731192
0.4180986
-1.491945
1.724983
-2.44152
-1.869507
1.14784
4.815815
-0.8455167
0.4863058
0.002369531
0.2230359
0.2191444
-0.004760582
-0.245594
0.1584752
-0.5896758
0.3744104
0.3755465
-0.6868613
-0.1903972
-0.006875292
1.013551
-0.1623204
-0.1186124
0.008066014
-0.8376434
-0.6430417
-0.2599653
-0.6094658
-0.4162554
0.06056449
0.04436141
0.1811235
0.1279978
-0.1301308
0.2195006
0.300651
-5.030097
-0.3677533
0.06387009
-0.7045338
0.4429857
0.1130293
-0.1234491
0.08766122
0.03639528
-0.003730191
0.1200396
-0.2867
-0.0002168084
0.2546684
0.0003044863
0.09101998
0.05455239
