0.670478
-5.209487
-3.317014
-1.542087
0.7918431
0.7723461
-0.8332323
1.643391
-2.810617
-2.129744
1.14784
4.142568
-0.6618326
0.3376531
0.02737598
0.2230359
0.2191444
-0.004760582
-0.245594
0.1584752
-0.5896758
-0.0660122
0.3755465
-0.6868613
-0.2850756
-0.394961
1.013551
-0.172478
-0.064347
-0.008066014
-0.8376434
-0.7916611
0.2599653
-0.6094658
0.4162554
0.0491779
0.04436141
0.1811235
0.1279978
-0.008278015
0.04504511
0.358454
-5.030097
-0.3677533
0.08967058
-0.7045338
0.4429857
0.1130293
-0.1234491
0.1595388
0.07019956
-0.003730191
0.02635354
-0.2252968
-0.0002168084
0.2546684
0.0003044863
-0.1471486
0.05455239
