-0.2192017
-0.2637191
-0.03145938
1.121545
-0.8540834
0.2995651
-0.2733894
0.3267008
0.4033312
-0.2266437
0.01767426
-0.1595189
0.9210038
-0.2198481
-0.02129978
0.04554302
0.1956758
-0.2961133
0.3486949
0.003265265
0.2889986
-0.1949727
-0.4138933
0.09471303
-0.0001312778
-0.05725342
0.01986805
-0.3679049
-0.4744323
0.06408287
-0.1083987
0.01961082
0.1980557
-0.03222824
-0.4849408
-0.1781684
-0.4741457
-0.1044601
-0.3945628
0.4595432
0.2336471
-0.1977172
-0.07707626
-0.4069928
-0.1589686
0.0628981
-0.3968685
0.2652483
-0.1169299
0.211258
-0.007237017
-0.9272445
0.4557945
-0.4625781
-0.3426485
-0.1609235
0.15388
0.2544301
0.1781691
