0.01353264
0.1513651
0.196969
-0.04577452
-0.452906
0.5885448
0.1454213
0.1547232
0.1772996
-0.1242455
0.2629698
-0.0353027
-0.1226267
-0.2736963
-0.01553303
-0.3327737
-0.4359835
-0.2792016
0.4328332
0.2092306
0.003054321
-0.1379301
-0.2503033
-0.4573222
-0.1283482
-0.7500742
-0.2536721
-0.2075548
0.5152994
0.3892928
0.2313512
-0.3169651
-0.1413295
-0.2474466
-0.1807348
0.1388113
-0.4098876
-0.08442491
-0.4584386
0.3343508
0.248377
0.0964486
0.1609546
-0.3076303
0.4638439
-0.1836517
0.2508993
0.3011073
0.3967522
-0.4513168
0.1293094
0.314469
0.277794
-0.4102726
0.3667973
0.3275777
0.1114268
-0.2547352
-0.2825805
