0.2378258
0.6490303
-0.660288
0.1506225
-0.03955421
0.3464604
0.6794362
-0.6383438
0.5257716
-0.02443926
0.7748986
-0.09551366
-0.1039018
1.073346
-0.360568
0.464265
0.106975
-0.259425
-0.1008726
-0.2648554
0.223319
-0.1154454
0.4261068
0.06155425
0.394336
-0.1404267
0.1556232
-0.01043304
-0.1687674
-0.02039367
0.186009
0.4739376
0.2775295
0.01535481
-0.07264715
-0.04112071
-0.4294783
-0.267645
0.1807194
0.2759559
-0.02735456
-0.02164537
-0.2562833
0.454406
0.0007132138
-0.1887761
-0.407245
-0.4452959
0.1570196
-0.3303305
-0.2168927
-0.0511536
0.4089464
0.1724405
-0.05608863
0.06007868
0.465718
-0.1609039
-0.4691229
