0.1957677
0.4560299
-0.742786
0.5316968
-0.2059691
-0.05445254
0.5344465
0.03751114
0.5257716
-0.3445272
-0.1033038
0.402963
-0.1293824
0.3021439
-0.360568
-0.290041
-0.106975
-0.2668993
-0.008052112
-0.2648554
0.1343459
-0.1154454
-0.4261068
0.08763231
0.2642306
-0.1404267
0.1556232
-0.01043304
-0.1687674
-0.02039367
0.186009
0.4739376
-0.2775295
0.01535481
-0.07264715
-0.04112071
-0.4294783
0.03721103
0.1807194
0.3970891
0.02735456
-0.02164537
-0.162653
0.454406
0.0007132138
-0.1887761
-0.407245
-0.4452959
0.1570196
-0.3303305
-0.1378394
-0.08730659
0.3740881
0.1724405
-0.05608863
0.06007868
0.465718
-0.1609039
-0.07916433
