0.7983911
0.4995463
-0.4624457
0.5980564
-0.2270295
0.03755996
0.05582102
-0.3585306
0.8713128
0.5345454
-0.4121943
0.646726
0.07407882
0.3220593
-0.360568
0.464265
-0.1027409
-0.4581051
-0.1017536
-0.2648554
0.2487207
0.1154454
-0.4261068
0.06155425
0.394336
0.1071661
0.224274
-0.1174417
-0.1687674
-0.02039367
0.186009
0.4739376
-0.2775295
0.01535481
-0.3279314
-0.04112071
0.4294783
-0.267645
0.1807194
0.7523373
0.2137495
-0.02164537
-0.162653
0.06500601
0.05348152
-0.2102298
-0.407245
-0.4452959
0.1570196
0.3303305
-0.2168927
-0.0511536
0.4089464
0.2174367
-0.05608863
-0.06007868
0.465718
-0.1609039
0.4540477
