0.06126919
0.4560299
-0.4624457
0.5180304
0.1765711
-0.05445254
0.3374473
-0.3494738
0.04051602
-0.2166678
0.2939444
0.2280343
-0.1039018
0.5944771
-0.360568
0.464265
0.106975
-0.259425
-0.07665606
-0.2648554
0.1343459
-0.1154454
-0.4261068
0.06155425
0.394336
-0.1404267
0.1556232
-0.01043304
-0.1687674
-0.02039367
0.213405
0.4739376
-0.2775295
0.01535481
-0.07264715
0.04112071
-0.4294783
-0.267645
0.1807194
0.3970891
0.02735456
-0.02164537
-0.162653
0.454406
0.0007132138
0.1887761
-0.407245
-0.4452959
0.1570196
-0.3303305
-0.2168927
0.0511536
0.4089464
0.1724405
-0.05608863
0.06007868
0.465718
-0.1609039
-0.4691229
