0.8285331
0.718567
-0.4624457
1.024264
0.1765711
-0.3306819
0.3164752
-0.9754819
0.8741765
-0.4253026
0.03927973
0.8310398
-0.2798171
0.5944771
-0.360568
0.464265
0.106975
-0.4581051
-0.1008726
-0.2648554
0.2487207
0.1154454
-0.4073
0.06155425
0.2671073
-0.1404267
0.1556232
-0.00666425
-0.1687674
-0.02039367
0.2863992
0.4739376
-0.2775295
0.0302819
-0.01666619
-0.04112071
-0.4294783
-0.0740395
0.1807194
0.4359199
-0.2137495
0.02164537
-0.0382564
0.06500601
0.05348152
-0.2102298
-0.407245
-0.4452959
0.2848774
0.4270546
-0.2168927
-0.0511536
0.1544709
0.2174367
-0.05608863
-0.06007868
0.465718
-0.2645845
-0.4691229
