0.4214277
0.4995463
-0.4624457
0.5980564
-0.6652943
0.03755996
0.05582102
-1.279381
0.8741765
0.04715207
0.03927973
0.646726
0.07407882
0.5944771
-0.360568
-0.464265
0.106975
-0.4581051
-0.1017536
-0.2648554
0.414497
0.1154454
-0.4261068
0.06155425
0.6334669
0.149567
0.1083613
-0.1174417
-0.1687674
-0.02039367
0.186009
0.4739376
-0.2775295
-0.3664362
-0.3279314
-0.04112071
-0.4294783
-0.267645
0.1807194
0.4359199
-0.04084843
-0.02164537
-0.162653
0.06500601
0.05348152
-0.02885147
-0.5879704
-0.4452959
-0.0808906
0.3303305
-0.2168927
-0.0511536
0.4089464
0.2174367
-0.05608863
-0.06007868
0.465718
-0.1609039
-0.4691229
