0.3620521
0.1978168
-0.5173298
0.1506225
0.1765711
0.02422993
0.3374473
-0.3494738
0.7772959
-0.1625312
0.2939444
0.142998
-0.1039018
0.6662413
-0.360568
0.464265
0.106975
-0.259425
-0.1008726
-0.2648554
0.1343459
-0.1154454
-0.4261068
0.06155425
0.394336
-0.1404267
0.1556232
-0.007308719
-0.2317556
-0.02039367
0.186009
0.4739376
-0.2775295
0.01535481
-0.07264715
-0.04112071
-0.4294783
0.267645
0.1807194
-0.3970891
-0.01173113
-0.02164537
-0.2695118
0.5124461
0.0007132138
-0.1887761
-0.407245
-0.4452959
0.1570196
-0.3303305
-0.2168927
-0.0511536
0.4089464
0.1724405
-0.05608863
0.06007868
0.465718
-0.1609039
-0.4691229
