0.3620521
0.4810616
-0.4624457
0.4507663
0.1765711
-0.5015438
-0.914712
-0.1882396
0.8741765
-0.5913102
0.2939444
0.2280343
-0.1039018
0.5944771
-0.360568
0.464265
0.106975
-0.2590394
-0.08216093
-0.2648554
0.1343459
-0.1154454
-0.4261068
0.06155425
0.394336
-0.1404267
0.4679924
-0.00666425
-0.2633279
-0.02039367
0.186009
0.1801448
-0.2775295
0.01535481
-0.07264715
-0.05823722
-0.4294783
0.6982229
0.1807194
-0.4359199
0.02735456
-0.02164537
-0.162653
0.454406
0.05348152
-0.1887761
-0.407245
-0.4452959
0.1570196
-0.3303305
-0.2168927
-0.0511536
0.4089464
0.1724405
-0.05608863
0.06007868
0.465718
-0.1609039
-0.4691229
