0.8192849
0.4560299
-0.2657369
0.1506225
0.6729487
-0.05445254
0.4128159
-0.3443609
0.07004094
-0.2166678
0.02604511
0.4621728
-0.1092381
0.5944771
-0.360568
0.464265
0.106975
-0.2071639
-0.1008726
-0.2648554
0.3107872
-0.1154454
-0.2134126
0.06155425
0.394336
0.1404267
0.2685938
-0.01043304
-0.1687674
-0.02039367
0.186009
0.2378927
-0.2775295
0.01535481
-0.07264715
-0.04112071
-0.4220773
-0.267645
0.1807194
0.2585719
-0.02735456
-0.02164537
0.2555336
0.454406
0.0007132138
-0.1887761
-0.407245
-0.4452959
0.1570196
-0.3303305
-0.2168927
-0.2565049
0.4089464
0.1724405
-0.05608863
0.06007868
0.465718
0.1205044
0.07458311
