0.9390759
-1.489501
-8.084073
9.119041
5.124149
12.93588
-4.670598
0.7286111
-17.41947
-7.407535
-3.026869
-0.08127394
-0.009237507
-0.2895814
-0.2979827
0.01548257
-0.3796453
9.780732E-11
0.1531388
0.4921788
4.314956E-08
0.007784449
0.2837486
-0.4131518
0.009923104
0.7131289
-0.007922258
-0.001297858
-0.4077201
-0.287448
-0.2573311
-0.5432028
0.2177201
-1.762551
0.3397268
0.02366527
0.8277903
0.2258719
-0.9697444
-0.3599325
0.9617218
-0.5159823
-1.310989
0.8461887
-0.5221381
-0.9421371
0.2688048
