0.4484003
-0.1988177
0.7698014
0.4823129
0.2637072
-0.448635
-1.488055
-0.8661852
0.4298286
-0.6549182
0.7375503
1.273848
0.1000909
0.8385066
0.219432
0.08375542
0.1827401
-0.4444467
0.459331
-0.2488318
0.2169365
-0.6202911
0.01646654
-0.295786
-0.2024153
-0.04892784
0.3085649
-0.05915791
-0.2270476
0.002377179
0.07516226
0.3120848
-0.01961226
-0.4161471
0.2286011
-0.1687462
0.03168949
0.3208997
-0.4017078
-0.01653868
0.2283624
-0.471148
-0.4514269
-0.213757
-0.09834522
-0.1667823
-0.2747493
-0.4275076
0.01836079
-0.4024985
0.003250613
0.006671607
0.1361405
-0.2966539
0.1431237
0.001119833
0.1495796
-0.2553244
-0.4920697
