0.926719
0.1703275
1.081568
0.4283201
-0.1633112
-0.113081
-1.533081
-0.5673826
0.1213645
-0.2524953
0.6232968
1.646099
-0.2613825
0.8385066
0.2404038
0.1052107
0.1827401
-0.4444467
-0.4648392
0.2488318
0.2169365
-0.507369
0.01646654
0.295786
-0.3694915
-0.04892784
0.3085649
-0.4829654
-0.2270476
0.002377179
0.06751754
0.3120848
-0.01961226
-0.4161471
0.2286011
-0.1687462
0.03168949
0.3208997
-0.4017078
-0.491973
0.2283624
0.471148
-0.4514269
-0.213757
-0.01150174
-0.03463166
-0.2328939
-0.4275076
0.01836079
-0.4024985
0.003250613
0.006671607
0.09179158
-0.2966539
0.1431237
0.001278462
0.1495796
0.01976508
-0.4920697
