0.3242385
-0.1416721
1.081568
0.8449451
-0.1633112
-0.113081
-1.17657
-0.4221169
0.1213645
-0.06997563
0.2710001
1.208173
-0.03870665
0.8385066
0.1792554
0.1052107
0.1827401
-0.4444467
-0.459331
0.2488318
-0.2169365
0.507369
0.01646654
0.295786
0.3042203
-0.04892784
0.3085649
0.05915791
-0.2270476
0.002377179
0.06751754
0.3120848
-0.01961226
-0.4161471
0.3793083
-0.1687462
-0.2335147
0.3208997
-0.3855478
-0.5817396
0.2283624
-0.471148
-0.4514269
-0.4224456
-0.09834522
-0.1667823
-0.2747493
-0.4275076
0.01836079
-0.4024985
0.003250613
0.006671607
0.03038508
-0.2966539
0.1431237
0.001902079
0.1495796
0.01014993
-0.4920697
