0.7185441
0.1703275
0.4588326
0.3487787
-0.4551983
-0.6802897
-0.7160196
-0.2890421
-0.1354363
0.1139727
-0.1066844
1.593687
0.3817374
0.8385066
-0.1792554
0.1052107
0.1827401
-0.4444467
-0.459331
-0.2488318
0.1806382
-0.6359501
0.01646654
0.5146174
-0.3454994
0.05282782
-0.3085649
-0.6820017
-0.2270476
0.002167195
0.08462835
0.3120848
0.003713011
0.4161471
0.1605974
-0.1687462
0.03168949
0.3208997
-0.4017078
-0.491973
-0.1025374
-0.3684861
-0.4514269
-0.213757
-0.06937657
-0.1667823
-0.3327334
-0.4275076
0.02100241
-0.3203505
0.003250613
0.006524874
0.1361405
-0.04930068
0.1431237
0.001119833
-0.1495796
0.01976508
-0.4920697
