0.817907
-0.1234931
1.081568
0.8096297
0.1231641
-0.113081
-1.559442
-0.8483131
0.1213645
-0.2524953
0.2710001
0.8982605
-0.03870665
0.6663175
0.1792554
0.1052107
0.1083896
-0.4444467
0.459331
0.2488318
0.2169365
-0.507369
0.01646654
0.295786
-0.3694915
-0.06494924
0.3085649
-0.1022264
-0.2270476
0.002377179
0.06751754
0.3120848
-0.03695994
-0.4161471
0.2286011
-0.1687462
0.0433182
0.3208997
-0.4017078
-0.491973
0.2283624
-0.471148
-0.4514269
-0.213757
-0.04082608
-0.1667823
-0.2747493
-0.4275076
0.01836079
-0.4024985
0.003250613
0.006671607
0.1361405
-0.2966539
0.1431237
0.3646704
0.1495796
0.01976508
-0.4920697
