0.3220537
0.1703275
1.318194
0.8449451
-0.1633112
-0.113081
-1.762434
-0.4221169
0.1213645
-0.2524953
0.2710001
1.273848
-0.03870665
0.436808
0.1792554
-0.1052107
0.1827401
-0.4444467
-0.459331
0.2488318
0.2169365
-0.507369
0.01646654
0.295786
-0.3694915
-0.04892784
0.5298875
-0.05915791
-0.2270476
0.002377179
0.06751754
0.3120848
-0.01961226
-0.4161471
0.2286011
-0.1687462
0.03168949
0.3208997
-0.4017078
-0.491973
0.2283624
-0.471148
-0.4514269
-0.213757
-0.09834522
-0.1667823
-0.2747493
-0.4275076
0.01836079
-0.2320702
0.003250613
0.006671607
0.1361405
-0.2966539
0.4661281
0.001119833
0.1495796
0.01976508
-0.4920697
