0.33663
0.219984
0.2618958
1.06091
0.4255515
-0.09938641
-1.583104
-0.4221169
0.1213645
-0.6549182
0.7375503
1.367625
-0.03870665
0.8385066
0.1792554
0.1052107
0.1827401
-0.4444467
-0.459331
-0.2488318
0.2169365
-0.507369
0.01646654
0.295786
-0.2326028
-0.04892784
0.3085649
-0.05915791
-0.2270476
0.002377179
0.07516226
0.3120848
-0.01961226
-0.4161471
0.2286011
-0.1687462
0.03168949
0.3208997
-0.4017078
-0.491973
0.2283624
-0.471148
-0.4514269
-0.213757
-0.09834522
-0.1667823
-0.2747493
-0.4275076
0.01836079
-0.6462364
0.003250613
0.006671607
0.07573219
-0.2966539
0.1431237
-0.001119833
0.1495796
-0.01976508
-0.4920697
