0.817907
-0.04041813
1.081496
0.6782027
-0.1633112
-0.113081
-1.856151
-0.8449596
0.1213645
0.2076484
-0.1159444
1.273848
-0.03870665
0.8385066
0.1792554
-0.3661556
0.1827401
-0.4444467
-0.2729965
0.2488318
0.2169365
-0.507369
-0.01646654
0.295786
-0.206901
-0.04892784
0.3085649
-0.05915791
-0.2270476
0.002377179
0.06751754
0.3120848
0.01961226
-0.4161471
0.2286011
-0.08375318
0.03168949
0.3208997
-0.4017078
-0.491973
0.112293
-0.471148
-0.4514269
-0.213757
-0.09834522
-0.1667823
-0.2747493
-0.4275076
0.01836079
-0.4024985
0.003250613
0.006671607
0.1361405
-0.2966539
0.1431237
0.001119833
0.1495796
0.01976508
-0.4920697
