0.33663
-0.0198053
-0.01853439
0.389041
-0.5271438
-0.08739539
-0.7160196
0.07877031
0.1213645
-0.2524953
-0.01430297
1.729871
-0.03870665
0.8385066
0.1792554
0.1052107
0.1827401
-0.4444467
-0.459331
-0.2488318
0.2169365
-0.5005927
0.01646654
0.295786
-0.2024153
-0.2279283
-0.3085649
-0.6820017
-0.2270476
0.001432597
0.08462835
0.3120848
-0.01961226
-0.4161471
0.1794465
-0.1687462
-0.464882
0.3208997
-0.4017078
-0.491973
-0.1025374
-0.3684861
-0.4514269
-0.213757
-0.06937657
-0.1667823
-0.2747493
-0.4275076
0.01836079
-0.4024985
0.003250613
0.006871467
0.1361405
-0.2681278
0.03788295
0.001119833
0.1495796
0.01976508
-0.4920697
