0.1685287
0.1479718
0.5513771
0.4823129
0.2637072
-0.448635
-1.488055
-0.5250008
0.3359006
-0.6864617
1.064009
1.15163
0.1000909
0.8385066
0.2700231
0.08375542
0.1827401
-0.4444467
0.459331
-0.2488318
0.3184336
-0.6202911
0.01646654
-0.295786
-0.2024153
-0.04892784
0.3085649
-0.05915791
-0.2270476
0.002377179
0.07516226
0.3120848
-0.01961226
-0.4161471
0.2286011
-0.1687462
0.05964117
0.3208997
-0.4017078
-0.01653868
0.2283624
-0.8198892
-0.4514269
-0.213757
-0.08747528
-0.1667823
-0.2747493
-0.4275076
0.01836079
-0.4024985
0.003250613
0.3939208
0.1361405
-0.2966539
0.1431237
0.001119833
0.1495796
-0.2553244
-0.4920697
