-0.349011
-0.1890907
-0.3122492
-0.2621667
0.4806127
4.746944
-0.3957774
-2.551856
1.073339
-1.197612
-2.176993
0.6800505
-3.939833
0.2325402
0.2141519
-0.3257575
0.001459479
-0.8510138
-0.3062299
0.3363359
0.4702264
0.4256649
0.3099456
0.02675302
0.123739
-0.3567502
-0.3111364
-0.08624426
-0.1841621
-1.605416
0.0002555496
-0.2835906
-0.01948203
0.7027139
-0.2241581
0.01219051
-0.1036771
-0.08279463
0.6787524
0.006164888
0.02613686
0.04917479
1.027519
-0.3799804
0.3673265
-0.08090702
0.2865468
0.1569124
2.475618
-0.2576026
0.1575575
0.0001523062
0.01086374
0.2265046
-0.0345248
0.436402
0.1017607
-0.08515197
-0.01929693
