0.004920125
-0.7880594
-0.4712476
-0.4616751
0.1556638
5.242338
0.3394542
-3.1141
0.7383968
-0.09791039
-1.630091
0.5270216
-4.046583
-0.4316884
0.1978944
-0.2207574
0.001459479
-0.8510138
-0.538702
-0.3363359
0.3171482
-0.4256649
-0.3099456
0.02675302
0.1137694
-0.3567502
-0.3404212
0.4314048
-0.1841621
-2.117774
0.0002555496
0.5956479
-0.2357871
0.7027139
0.04151614
0.01219051
-0.1036771
-0.08279463
0.06629162
0.005760737
0.4971614
0.0248917
1.027519
-0.003365495
0.3609424
0.1041569
0.2865468
0.1569124
2.475618
-0.1985235
0.3008949
-0.0005723847
0.4046879
0.2327255
0.0345248
0.436402
0.1017607
0.08515197
-0.01929693
