-0.3594689
-0.3016381
0.08258426
-0.3130775
1.558991
6.624894
-0.3430578
-0.9895359
2.160805
-0.9965344
-1.465609
-0.2822135
-3.690478
-0.1900474
0.1978944
-0.02724534
-0.4280142
-1.249559
0.3664676
0.07970086
0.04155162
-0.195596
0.3178449
0.05392332
-0.002727253
-0.1087044
-0.3111364
0.195711
0.179181
-0.3899753
-0.0005403316
0.5956479
0.00213711
0.6539883
-0.02121881
0.01219051
-0.1036771
-0.08279463
1.252435
-0.006164888
0.3298044
0.0006399666
1.027519
-0.05342451
0.1336709
-0.1041569
0.3551913
0.1029876
2.592391
-0.1985235
0.3008949
-0.002446989
-0.4981805
-0.3358486
0.2532308
0.4509972
-0.3205906
0.0306301
-0.04349226
