-0.2189651
-0.7602943
0.401363
-0.15439
1.622287
6.624894
0.2631587
-0.7032372
2.160805
-1.325232
-0.4594551
-0.2983047
-3.334762
-0.1005656
0.1978944
-0.02724534
0.8090931
-1.249559
0.2042215
0.1902332
0.04155162
-0.4256649
0.4126116
0.05392332
-0.00554695
-0.1087044
-0.3111364
-0.3692756
0.179181
-0.3899753
-0.0003692593
0.5956479
0.00213711
0.6539883
-0.02121881
0.01219051
-0.1036771
-0.08279463
1.252435
0.2848642
0.3298044
0.0006399666
1.027519
-0.02943168
-0.1336709
0.1041569
0.2865468
0.1029876
2.592391
-0.1985235
0.3008949
-0.002446989
-0.4981805
-0.3358486
0.007556054
0.436402
-0.3205906
0.0306301
-0.01474541
